61	61	61	61	61	61	61	61	61	61	61	61	61	61	61	61	61	61	61	61	61	61	61	61	61	61	61	61	61	61	61	61	61
21	21	21	21	21	21	21	21	21	21	21	21	21	21	21	21	21	21	21	21	21	21	21	21	21	21	21	21	21	21	21	21	21
34	36	34	36	36	34	34	34	36	36	36	36	34	34	36	36	36	36	36	36	36	36	36	36	36	35	34	34	34	34	36	34	36
23	24	24	23	23	25	25	23	23	24	24	23	25	25	23	23	23	25	24	24	23	23	23	23	23	23	23	23	23	25	23	23	23
20	20	20	20	20	20	20	20	20	20	20	20	20	20	20	20	20	20	20	20	20	20	20	20	20	20	20	20	20	20	20	20	20
28	28	28	21	29	28	28	28	28	28	28	29	28	28	28	22	29	28	28	22	28	21	21	19	21	21	21	21	29	23	21	21	21
111	111	111	111	113	111	111	112	112	113	112	112	111	112	111	111	113	112	111	112	111	100	101	101	102	113	111	111	113	111	102	110	101
61	60	60	60	62	61	61	61	60	61	59	62	60	61	60	60	62	61	60	60	59	60	60	60	60	59	58	59	62	61	60	59	60
6	6	6	6	6	6	6	6	6	6	6	6	6	6	6	6	6	6	6	6	6	6	6	6	6	6	6	6	6	6	6	6	6
4	4	4	4	4	4	4	4	4	4	4	4	4	4	4	4	4	4	4	4	4	4	4	4	4	4	4	4	4	4	4	4	4
13	13	13	13	13	13	13	13	13	13	13	13	13	13	13	13	13	13	13	13	13	13	13	13	13	13	13	13	13	13	13	13	13
18	18	18	18	18	18	18	18	18	18	18	18	18	18	18	18	18	18	18	18	18	18	18	18	18	18	18	18	18	18	18	18	18
19	19	19	18	19	19	19	19	19	19	19	19	19	19	19	19	19	19	19	19	19	18	19	18	18	19	19	19	19	19	18	18	19
59	59	59	59	59	59	59	59	59	59	59	59	59	59	59	59	59	59	59	59	59	59	59	59	59	59	59	59	59	58	59	59	59
48	48	48	37	48	48	48	48	48	48	48	48	48	48	48	48	48	48	48	48	48	40	48	37	37	48	48	48	48	48	37	37	48
38	38	38	38	38	38	38	38	38	38	38	38	38	38	38	38	38	38	38	38	38	38	38	38	38	38	38	38	38	38	38	38	38
1	1	1	1	1	1	1	1	1	1	1	1	1	1	1	1	1	1	1	1	1	1	1	1	1	1	1	1	1	1	1	1	1
21	21	21	19	21	21	21	21	21	21	21	21	21	21	21	21	21	21	21	21	21	19	21	19	17	21	21	21	21	21	19	19	21
22	22	22	22	22	22	22	22	22	22	22	22	22	22	22	22	22	22	22	22	22	22	22	22	22	22	22	22	22	22	22	22	22
17	17	17	17	17	17	17	17	17	17	17	17	17	17	17	17	17	17	17	17	17	17	17	17	17	17	17	17	17	17	17	17	17
8	8	8	8	8	8	8	8	8	8	8	8	8	8	8	8	8	8	8	8	8	8	8	8	8	8	8	8	8	8	8	8	8
21	21	21	21	21	21	21	21	21	21	21	21	21	21	21	21	21	21	21	21	21	21	21	21	21	21	21	21	21	21	21	21	21
38	38	38	35	38	38	38	38	38	38	38	38	38	38	38	38	38	38	38	38	38	35	38	35	35	38	38	38	38	38	35	35	38
11	11	12	11	12	11	11	11	11	11	11	12	11	11	11	11	12	11	12	11	11	11	11	11	11	10	10	10	11	11	12	11	11
172	167	170	155	202	174	176	172	176	171	168	202	177	176	176	175	202	177	173	163	170	133	135	133	132	153	157	152	201	154	146	141	152
27	27	27	27	33	27	27	10	10	27	27	33	27	27	27	27	33	27	28	27	8	27	27	27	27	11	11	8	33	9	27	24	27
25	26	26	26	26	25	25	26	26	26	26	25	25	25	26	26	26	26	26	26	25	26	25	25	25	26	26	26	26	26	26	26	26
14	14	14	14	14	14	14	14	14	14	14	14	14	14	14	14	14	14	14	14	14	14	14	14	14	14	14	14	14	14	14	14	14
30	37	25	27	32	37	37	43	37	37	37	37	37	37	32	36	37	37	32	36	29	27	27	27	27	31	36	31	31	34	27	29	29
7	7	7	7	7	7	7	7	7	7	7	7	7	7	7	7	7	7	7	7	7	7	7	7	7	7	7	7	7	7	7	7	7
4	4	4	4	4	4	4	4	4	4	4	4	4	4	4	4	4	4	4	4	4	4	4	4	4	4	4	4	4	4	4	4	4
55	55	55	55	55	55	55	55	55	55	55	55	55	55	55	55	55	55	55	55	55	55	55	55	55	55	55	55	55	55	55	55	55
131	131	131	131	131	131	131	131	131	131	131	131	131	131	131	131	131	131	131	131	131	131	131	131	131	131	131	131	131	131	131	131	131
109	109	109	110	109	109	110	109	110	109	109	110	109	109	110	109	109	110	109	109	109	110	109	110	109	109	109	109	109	109	109	109	110
8	8	8	8	8	8	8	8	8	8	8	8	8	8	8	8	8	8	8	8	8	8	8	8	8	8	8	8	8	8	8	8	8
27	27	24	27	27	27	27	27	27	27	27	27	27	27	27	27	27	27	24	27	27	27	27	27	27	27	27	27	27	27	27	27	27
3	3	3	3	3	3	3	3	3	3	3	3	3	3	3	3	3	3	3	3	3	3	3	3	3	3	3	3	3	3	3	3	3
16	16	12	16	16	16	16	16	16	16	16	16	16	16	16	16	16	16	16	16	16	16	16	16	16	16	16	16	16	16	16	16	16
49	49	52	49	50	49	49	49	49	49	49	50	49	49	49	49	50	49	50	49	49	49	49	49	49	49	49	49	50	49	49	49	49
43	43	43	43	43	43	43	43	43	43	43	43	43	43	43	43	43	43	43	43	43	43	43	43	43	43	43	43	43	43	43	43	43
40	40	40	40	40	40	40	40	40	40	40	40	40	40	40	40	40	40	40	40	40	40	40	40	40	40	40	40	40	40	40	41	40
1	1	1	1	1	1	1	1	1	1	1	1	1	1	1	1	1	1	1	1	1	1	1	1	1	1	1	1	1	1	1	1	1
31	30	31	29	32	31	30	29	29	30	31	32	31	31	32	30	32	31	31	29	31	28	28	29	28	31	28	28	32	29	28	30	29
207	188	160	174	240	201	202	203	208	195	195	240	200	201	209	189	241	203	192	214	208	165	151	151	165	194	210	200	239	189	166	150	147
15	18	19	18	15	18	20	15	17	18	18	15	19	19	17	19	15	19	19	17	17	17	16	14	17	18	18	17	15	18	15	16	13
58	53	53	53	58	53	53	58	58	53	53	58	53	53	58	53	58	53	53	58	58	53	53	53	53	53	58	58	58	53	53	53	53
8	8	8	8	8	8	8	8	8	8	8	8	8	8	8	8	8	8	8	8	8	8	8	8	8	8	8	8	8	8	8	8	8
943	944	935	922	973	945	951	697	944	946	946	971	944	944	945	927	975	952	942	957	945	904	898	895	908	941	943	938	969	943	874	915	896
67	67	67	67	67	67	67	67	67	67	67	67	67	67	67	67	67	67	67	67	67	67	67	67	67	67	67	67	67	67	67	67	67
55	55	55	55	55	55	55	55	55	55	55	55	55	55	55	55	55	55	55	55	55	55	55	55	55	55	55	55	55	55	55	55	55
51	50	49	50	49	49	50	50	49	50	51	50	50	50	50	49	50	50	50	50	50	49	49	48	50	50	50	49	49	50	50	49	48
30	30	30	30	30	30	30	30	30	30	30	30	30	30	30	30	30	30	30	30	30	30	30	30	30	30	30	30	30	30	30	30	30
29	29	29	29	29	29	29	29	29	29	29	29	29	29	29	29	29	29	29	29	29	29	29	29	29	29	29	29	29	29	29	29	29
32	32	32	32	32	32	32	32	32	32	32	32	32	32	32	32	32	32	32	32	32	32	32	32	32	32	32	32	32	32	32	32	32
12	12	12	12	12	12	12	12	12	12	12	12	12	12	12	12	12	12	12	12	12	12	12	12	12	12	12	12	12	12	12	12	12
2	2	2	2	2	2	2	2	2	2	2	2	2	2	2	2	2	2	2	2	2	2	2	2	2	2	2	2	2	2	2	2	2
20	20	20	20	20	20	20	20	20	20	20	20	20	20	20	20	20	20	20	20	20	20	20	20	20	20	20	20	20	20	20	20	20
12	12	12	12	12	12	12	12	12	12	12	12	12	12	12	12	12	12	12	12	12	12	12	12	12	12	12	12	12	12	12	12	12
380	375	374	374	382	376	379	375	374	376	380	381	375	375	375	375	381	375	376	383	380	374	374	375	376	380	382	380	382	375	374	375	374
60	61	61	61	61	60	60	60	61	60	60	61	60	60	60	61	61	60	61	61	60	61	61	61	61	58	59	58	61	58	61	61	61
132	132	132	132	132	132	132	132	132	132	132	132	132	132	132	132	132	132	132	132	132	132	132	132	132	132	132	132	132	132	132	132	132
15	15	15	15	15	15	15	15	15	15	15	15	15	15	15	15	15	15	15	15	15	15	15	15	15	15	15	15	15	15	15	15	15
17	16	17	17	17	17	17	17	17	17	17	17	17	17	17	17	17	17	17	17	17	17	17	16	17	16	16	16	17	17	17	17	17
11	11	11	9	11	11	11	11	10	11	11	11	11	11	11	8	11	11	11	8	11	8	8	8	8	8	8	8	11	8	8	8	7
17	17	17	17	17	17	17	17	17	17	17	17	17	17	17	17	17	17	17	17	17	17	17	17	17	17	17	17	17	17	17	17	17
73	73	73	73	73	73	73	73	73	73	73	73	73	73	73	73	73	73	73	73	73	73	73	73	73	73	73	73	73	73	73	73	73
88	87	86	88	87	87	87	87	86	86	87	87	87	86	87	88	87	87	87	85	88	87	87	88	87	87	84	84	86	86	89	88	87
41	52	45	44	57	39	39	39	44	47	47	57	39	39	40	45	57	39	45	49	40	48	44	49	49	47	47	42	57	38	44	45	47
39	39	39	39	39	39	39	39	39	39	39	39	39	39	39	39	39	39	39	39	39	39	39	39	39	39	39	39	39	39	39	39	39
27	30	30	30	26	25	25	30	30	30	30	26	25	24	30	30	25	30	30	28	30	30	30	30	30	27	25	25	21	25	30	30	30
9	10	10	10	9	9	9	10	10	10	10	9	9	9	10	10	9	10	10	10	10	10	10	10	10	10	10	10	9	10	10	10	10
35	39	32	27	34	38	38	36	39	39	39	38	38	38	37	32	38	39	37	39	38	27	27	27	27	37	39	35	28	39	27	33	33
16	18	18	18	16	18	18	16	18	18	18	16	18	16	18	18	17	18	18	18	16	18	18	18	18	18	18	18	16	17	18	18	18
29	29	29	29	29	29	29	29	29	29	29	29	29	29	29	29	29	29	29	29	29	29	29	29	29	29	29	29	29	29	29	29	29
2	3	2	2	2	1	2	2	2	1	2	2	1	1	2	2	2	1	2	3	2	2	2	2	2	2	3	3	2	2	2	2	1
2	2	2	2	2	2	2	2	2	2	2	2	2	2	2	2	2	2	2	2	2	2	2	2	2	2	2	2	2	2	2	2	2
29	29	29	29	29	29	29	29	29	29	29	29	29	29	29	29	29	29	29	29	29	29	29	29	29	29	29	29	29	29	29	29	29
12	9	12	9	12	10	10	12	9	12	9	12	10	10	12	9	12	10	12	10	12	8	8	9	9	8	9	9	12	9	9	8	8
83	83	84	83	84	83	83	83	83	83	83	83	83	83	83	83	84	83	84	83	83	83	83	83	83	83	83	83	84	83	83	83	83
15	15	15	14	15	15	15	15	15	15	15	15	15	15	15	15	15	15	15	15	15	14	14	13	13	15	15	15	15	15	13	14	15
59	59	59	59	59	59	59	59	59	59	59	59	59	59	59	59	59	59	59	59	59	59	59	59	59	59	59	59	59	59	59	59	59
76	76	76	76	76	76	76	76	76	76	76	76	76	76	76	76	76	76	76	76	76	76	76	76	76	76	76	76	76	76	76	76	76
156	156	156	156	155	156	156	155	156	155	156	156	156	156	156	155	155	155	156	155	156	155	153	156	155	155	157	156	155	156	153	153	155
21	15	21	15	21	21	16	15	21	15	21	21	16	21	15	10	21	21	21	21	15	14	10	10	15	15	16	21	21	21	15	14	15
1	1	1	1	1	1	1	1	1	1	1	1	1	1	1	1	1	1	1	1	1	1	1	1	1	1	1	1	1	1	1	1	1
24	24	23	25	25	24	24	24	24	24	24	25	24	24	24	25	25	24	24	24	25	25	25	25	25	24	24	24	25	24	25	25	25
8	8	8	8	11	8	8	8	8	8	8	11	8	8	8	9	11	8	8	8	8	8	8	9	11	8	8	8	11	8	8	11	8
71	67	71	66	86	72	72	67	70	70	73	86	74	74	69	67	86	72	72	73	68	66	67	68	66	68	72	71	86	68	66	66	66
47	48	46	45	47	48	47	47	46	48	48	48	48	48	46	44	48	48	49	48	47	44	44	44	46	48	44	45	46	47	44	42	44
69	70	69	70	69	69	69	71	69	70	70	69	69	69	70	70	69	69	69	70	70	72	71	71	70	69	70	70	68	70	71	70	70
29	29	29	29	29	29	29	29	29	29	29	29	29	29	29	29	29	29	29	29	29	29	29	29	29	29	29	29	29	29	29	28	28
1	1	1	1	1	1	1	1	1	1	1	1	1	1	1	1	1	1	1	1	1	1	1	1	1	1	1	1	1	1	1	1	1
110	113	115	113	110	110	110	113	113	113	113	110	110	110	113	113	113	113	115	113	110	113	113	113	113	113	113	113	110	110	113	113	113
10	12	12	12	10	12	12	10	12	12	12	12	12	12	12	12	12	12	12	12	10	12	12	12	12	12	12	12	10	12	12	12	12
69	69	69	68	69	69	69	66	69	69	69	69	69	69	69	69	69	69	69	69	69	68	69	68	68	69	68	69	69	69	68	68	69
36	37	36	35	36	36	36	36	36	36	36	36	37	36	36	36	36	36	36	36	36	35	36	35	35	36	36	36	36	36	35	35	36
9	9	9	9	9	9	9	9	9	9	9	9	9	9	9	9	9	9	9	9	9	9	9	9	9	9	9	9	9	9	9	9	9
18	18	17	18	17	17	17	18	17	18	18	18	18	18	18	17	18	18	18	18	18	17	17	17	18	18	17	17	17	18	17	17	16
13	13	13	13	13	13	13	13	13	13	13	13	13	13	12	13	13	13	13	13	13	13	13	13	13	12	12	12	13	13	12	12	13
27	27	27	27	27	27	27	27	27	27	27	27	27	27	27	27	27	27	27	27	27	27	27	27	27	27	27	27	27	27	27	27	27
1	2	1	3	2	2	5	0	3	0	0	4	7	5	4	4	1	0	4	2	2	2	0	1	3	0	0	3	2	6	0	1	3
1	2	1	1	2	1	1	1	1	2	2	2	1	1	1	1	2	1	1	1	1	1	1	1	1	2	1	1	2	1	1	1	1
80	73	74	73	87	74	74	80	75	75	74	85	76	77	82	79	85	75	77	77	85	71	73	76	79	74	72	72	86	73	77	73	73
6	6	6	6	6	6	6	6	6	6	6	6	6	6	6	6	6	6	6	6	6	6	6	6	6	6	6	6	6	6	6	6	6
11	12	11	11	13	11	11	12	11	11	11	12	11	11	12	11	12	11	11	11	11	11	12	11	11	11	11	13	11	11	11	12	11
16	15	15	15	15	15	15	15	16	15	15	15	15	15	15	15	15	15	15	15	15	15	15	15	15	15	15	16	15	16	15	16	15
16	16	16	16	16	16	16	16	16	16	16	16	16	16	16	16	16	16	16	16	16	16	16	16	16	16	16	16	16	16	16	16	16
33	30	31	31	32	31	31	33	33	31	31	32	31	31	33	31	32	31	31	33	31	30	29	32	30	31	32	33	31	31	30	27	31
9	8	10	8	12	9	10	8	9	8	8	11	10	10	9	11	11	10	11	9	8	10	10	11	9	9	9	9	11	10	9	9	10
5	6	5	5	6	5	3	6	5	6	6	6	6	3	7	5	6	5	5	6	6	6	5	5	5	5	8	4	6	3	6	6	6
5	7	6	6	5	6	7	5	7	6	7	6	6	6	6	6	7	6	6	6	5	6	6	6	6	6	7	7	7	7	6	7	6
76	84	83	78	87	83	84	77	93	85	83	87	83	83	81	80	87	84	87	87	76	78	78	80	76	83	87	91	88	77	78	79	77
63	62	66	62	68	62	62	63	64	63	62	68	62	63	63	66	68	63	67	64	63	62	62	64	63	62	64	62	68	65	65	63	63
29	29	29	29	32	29	29	29	30	29	29	32	29	29	29	30	32	29	30	30	29	28	29	30	29	29	29	29	32	28	29	29	28
7	7	7	7	7	7	7	7	7	8	7	7	7	7	7	7	7	7	7	7	7	7	7	7	7	7	7	7	7	7	7	7	7
52	51	50	50	55	53	53	50	54	52	51	57	52	52	48	49	55	50	51	55	49	48	53	49	50	51	52	54	57	50	49	48	49
5	5	5	5	5	5	5	5	5	5	5	5	5	5	5	5	5	5	5	5	5	4	5	5	5	5	5	5	5	5	5	5	4
11	10	10	8	7	10	10	11	7	10	7	8	11	11	10	7	8	10	11	8	10	7	8	9	9	7	7	7	10	10	7	9	6
102	108	108	95	107	107	106	100	110	110	109	107	107	105	109	104	108	110	110	108	101	95	101	95	101	106	106	106	103	99	101	94	95
35	35	35	34	35	35	35	35	35	35	35	35	35	35	35	35	35	35	35	35	35	34	34	34	35	35	35	35	35	36	34	35	34
70	62	70	55	72	71	71	68	61	64	65	73	72	71	70	52	70	70	66	50	67	48	49	44	48	53	46	45	67	47	49	48	42
5	6	5	6	6	5	5	5	6	5	5	6	5	5	5	6	6	5	5	6	5	6	6	5	6	5	5	5	6	6	6	5	5
9	10	9	9	10	10	10	9	10	10	10	10	10	10	10	10	10	10	10	10	9	9	9	9	9	10	10	10	10	9	9	9	9
3	3	3	3	3	3	3	3	3	3	3	3	3	3	3	3	3	3	3	3	3	3	3	3	3	3	3	3	3	3	3	3	3
2133	2157	2121	2115	2499	2176	2258	1866	2159	2166	2170	2525	2186	2183	2145	2123	2524	2197	2135	2181	2122	2105	2103	2102	2116	2158	2164	2154	2519	2155	2065	2218	2111
44	42	44	42	44	42	42	42	42	42	42	44	42	42	44	42	44	42	44	44	44	42	42	42	42	42	44	42	44	42	42	42	42
10	10	10	9	10	10	10	10	10	10	10	10	10	10	10	9	10	10	10	10	10	9	9	9	9	10	10	10	10	10	9	9	9
31	31	32	30	32	32	31	32	36	31	31	31	32	31	33	32	32	32	33	37	29	28	29	25	29	31	36	36	30	28	26	29	24
9	9	9	9	7	9	9	9	9	9	9	9	9	9	9	9	9	9	9	9	9	9	9	9	9	9	9	9	9	9	9	4	9
0	1	0	1	1	0	0	0	1	1	1	1	0	0	1	1	1	1	1	1	1	1	1	1	1	1	1	1	1	1	1	0	1
43	43	43	43	42	43	43	42	43	43	43	43	43	43	43	43	43	43	43	43	42	43	42	42	42	42	43	43	43	42	43	43	42
4	4	4	4	2	4	4	4	4	3	4	2	2	2	4	4	2	4	4	2	4	4	3	4	3	3	4	4	2	4	3	4	4
3	3	3	3	3	3	3	3	3	3	3	3	3	3	3	3	3	3	3	3	3	3	3	3	3	3	3	3	3	3	3	3	3
1	1	1	1	1	1	1	1	1	1	1	1	1	1	1	1	1	1	1	1	1	0	0	1	1	1	1	1	1	1	0	1	0
11	11	11	11	11	11	11	11	11	11	11	11	11	11	11	11	11	11	11	11	11	11	11	11	11	11	11	11	11	11	11	11	10
19	19	19	19	19	22	22	19	19	19	19	19	22	22	19	19	19	22	20	19	19	19	19	19	19	19	22	20	19	19	20	19	19
38	37	38	37	38	38	38	37	38	37	38	38	38	38	37	37	38	38	38	38	37	37	37	37	37	37	38	38	38	38	37	37	37
1	1	1	1	1	1	1	1	1	1	1	1	1	1	1	1	1	1	1	1	1	1	1	1	1	1	1	1	1	1	1	1	1
